0
4
7
9
10
11
12
13
14
15
16
17
18
19
20
21
77
79
80
81
86
87
88
92
93
94
97
98
99
101
102
103
104
105
106
116
117
119
120
122
123
124
125
126
127
129
130
131
132
133
134
135
136
147
148
149
159
160
171
186
214
215
216
218
219
220
221
222
223
224
225
226
227
228
230
231
232
233
235
236
237
238
245
246
247
248
249
250
251
258
259
261
262
263
264
265
266
267
268
290
291
293
295
296
297
298
299
300
301
302
304
305
307
308
309
311
312
313
318
319
320
321
322
323
324
327
328
329
330
333
334
338
339
343
344
346
347
348
350
351
352
353
360
361
365
366
368
369
371
372
373
374
375
376
379
381
382
404
407
408
411
412
418
420
421
422
423
424
425
426
427
434
435
436
437
438
439
440
441
442
443
444
445
447
448
449
450
451
452
453
454
455
456
457
458
472
474
476
477
478
479
481
485
487
489
491
492
493
514
519
523
524
525
526
528
529
530
531
532
533
534
535
536
537
538
539
546
547
548
549
550
551
552
553
556
557
560
561
563
564
566
567
568
571
572
576
577
578
579
580
581
582
583
584
585
586
587
588
589
592
594
595
596
597
598
599
600
603
604
606
608
609
621
631
640
648
655
661
666
670
673
675
676
677
678
680
681
682
683
686
687
688
689
690
691
692
693
694
695
743
747
748
750
751
754
755
756
757
760
761
762
763
764
773
774
775
776
777
778
780
781
782
784
785
786
787
788
789
791
792
794
795
796
797
798
799
800
804
805
806
807
811
813
814
815
817
821
823
824
825
832
833
834
835
837
838
839
840
841
842
843
844
845
849
852
854
855
860
861
864
865
866
869
871
873
874
877
879
880
881
882
883
885
886
889
892
893
894
895
898
899
900
901
907
911
914
916
917
918
919
921
922
924
925
927
928
929
930
935
936
938
939
940
941
944
945
946
947
948
949
950
951
952
953
954
955
956
957
968
969
970
974
975
976
977
978
979
980
981
982
983
984
985
986
987
988
989
996
997
998
1001
1004
1007
1008
1010
1011
1012
1013
1015
1025
1035
1045
1062
1063
1064
1065
1066
1067
1068
1070
1071
1072
1073
1074
1075
1076
1077
1078
1079
1080
1082
1083
1085
1086
1089
1091
1092
1093
1094
1095
1096
1097
1098
1099
1100
1101
1102
1103
1104
1105
1106
1117
1118
1119
1120
1121
1122
1123
1125
1126
1127
1128
1129
1130
1131
1132
1133
1136
1138
1139
1140
1141
1142
1143
1144
1145
1149
1150
1151
1152
1153
1154
1155
1156
1157
1158
1159
1160
1162
1163
1164
1165
1166
1167
1168
1169
1170
1171
1173
1174
1175
1176
1177
1178
1179
1180
1181
1182
1183
1184
1185
1186
1187
1188
1192
1193
1194
1195
1196
1197
1198
1199
1200
1206
1211
1215
1218
1219
1220
1221
1222
1223
1224
1228
1230
1231
1232
1237
1239
1241
1242
1243
1245
1248
1249
1250
1251
1264
1267
1268
1269
1270
1271
1277
1278
1282
1284
1285
1286
1288
1290
1291
1292
1293
1294
1295
1296
1297
1298
1299
1303
1306
1308
1309
1312
1314
1315
1316
1317
1319
1320
1321
1325
1326
1327
1328
1330
1332
1333
1343
1344
1345
1346
1347
1348
1349
1350
1351
1352
1353
1354
1355
1356
1357
1359
1360
1361
1362
1363
1364
1365
1367
1369
1370
1371
1372
1384
1385
1386
1387
1389
1390
1391
1392
1393
1394
1395
1396
1397
1398
1399
1402
1403
1404
1405
1409
1419
1420
1421
1422
1423
1425
1426
1427
1428
1429
1430
1431
1432
1433
1434
1436
1437
1442
1443
1444
1449
1450
1451
1452
1453
1465
1466
1467
1468
1469
1470
1474
1476
1477
1484
1485
1486
1487
1488
1489
1490
1491
1492
1493
1494
1495
1496
1497
1498
1499
1500
1501
1502
1503
1504
1505
1506
1507
1508
1509
1510
1511
1512
1513
1515
1516
1518
1519
1520
1522
1523
1524
1526
1527
1528
1530
1531
1533
1538
1541
1545
1546
1547
1548
1551
1552
1553
1554
1556
1557
1558
1559
1560
1561
1562
1563
1564
1565
1568
1569
1573
1575
1576
1577
1579
1581
1582
1583
1584
1585
1586
1590
1593
1595
1596
1597
1598
1600
1603
1604
1605
1606
1607
1610
1611
1613
1615
1616
1617
1618
1621
1622
1623
1624
1626
1627
1628
1629
1632
1633
1634
1635
1636
1637
1638
1639
1640
1641
1642
1643
1665
1666
1667
1668
1669
1674
1678
1681
1683
1684
1685
1686
1687
1688
1690
1691
1692
1693
1695
1696
1697
1699
1700
1703
1704
1706
1707
1708
1709
1710
1718
1719
1720
1721
1722
1723
1724
1725
1726
1727
1728
1729
1730
1731
1732
1733
1734
1735
1736
1737
1738
1739
1740
1741
1742
1743
1744
1745
1999
2000
2001
2002
2003
2004
2005
2006
2007
2008
2009
2010
2011
2012
2013
2014
2015
2016
2017
2018
2019
2020
2021
2022
2023
2024
2025
2026
2027
2028
2029
2030
2031
2032
2033
2034
2035
2036
2037
2038
2039
2040
2041
2042
2043
2044
2045
2046
2047
2048
2049
2050
2051
2052
2053
2054
2055
3487
3488
3489
3490
3491
3492
3493
3494
3496
3497
3498
3500
3501
3502
3503
3504
3505
3506
3507
3508
3509
3515
3520
3524
3527
3529
3530
3531
3532
3533
3534
3544
3546
3547
3548
3549
3550
3551
3552
3553
3555
3556
3557
3558
3559
3560
3561
3562
3563
3564
3580
3585
3595
3596
3597
3598
3599
3600
3601
3602
3603
3604
3605
3606
3607
3608
3609
3610
3611
3612
3613
3614
3615
3619
3620
3623
3624
3626
3627
3628
3629
3630
3631
3632
3633
3634
3635
3636
3637
3638
3654
3655
3656
3657
3658
3662
3663
3664
3665
3667
3668
3672
3673
3674
3675
3676
3677
3678
3679
3680
3681
3683
3686
3688
3689
3690
3693
3694
3696
3698
3699
3701
3702
3704
3705
3706
3709
3711
3712
3714
3715
3717
3720
3721
3722
3723
3725
3726
3727
3728
3729
3730
3731
3732
3735
3736
3737
3740
3741
3742
3744
3745
3746
3747
3748
3749
3750
3751
3752
3753
3754
3755
3756
3757
3759
3760
3762
3763
3764
3769
3770
3773
3774
3775
3776
3777
3778
3779
3780
3781
3783
3784
3785
3787
3788
3790
3791
3792
3795
3796
3798
3799
3800
3801
3802
3803
3804
3826
3827
3828
3829
3830
3834
3835
3837
3838
3839
3840
3847
3850
3851
3856
3858
3864
3866
3867
3869
3870
3872
3874
3876
3877
3879
3880
3881
3885
3888
3890
3891
3896
3900
3903
3905
3906
3907
3908
3909
3910
3911
3912
3913
3914
3915
3917
3918
3919
3920
3921
3922
3923
3928
3932
3935
3937
3938
3941
3942
3944
3945
3946
3947
3949
3950
3951
3952
3953
3954
3955
3956
3958
3959
3962
3964
3965
3967
3968
3970
3971
3973
3974
3975
3981
3983
3985
3986
3988
3989
4000
4002
4004
4005
4006
4007
4009
4012
4013
4016
4017
4018
4019
4020
4021
4022
4026
4027
4028
4029
4030
4031
4032
4033
4034
4035
4036
4037
4038
4041
4043
4044
4046
4047
4048
4049
4051
4052
4054
4056
4057
4058
4061
4062
4064
4066
4067
4069
4070
4071
4072
4073
4074
4078
4079
4081
4084
4086
4087
4088
4089
4090
4091
4092
4093
4100
4102
4103
4108
4109
4111
4112
4113
4114
4115
4117
4118
4119
4120
4122
4123
4125
4126
4132
4133
4134
4138
4139
4143
4146
4148
4149
4152
4153
4154
4157
4158
4161
4162
4163
4164
4165
4166
4167
4168
4169
4170
4171
4172
4173
4175
4176
4177
4178
4179
4180
4181
4183
4185
4186
4187
4190
4192
4193
4194
4198
4199
4200
4201
4202
4222
4224
4228
4229
4230
4234
4236
4237
4240
4244
4245
4247
4248
4251
4252
4253
4255
4256
4257
4258
4259
4260
4261
4262
4263
4266
4267
4268
4269
4273
4274
4277
4278
4280
4281
4282
4283
4284
4285
4286
4287
4288
4289
4290
4292
4293
4294
4295
4296
4297
4298
4299
4300
4301
4302
4303
4304
4305
4306
4307
4308
4309
4310
4311
4312
4313
4314
4315
4316
4317
4318
4319
4320
4321
4322
4323
4324
4325
4326
4327
4328
4329
4330
4331
4332
4333
4334
4335
4336
4337
4338
4339
4340
4341
4342
4343
4344
4345
4346
4347
4348
4349
4350
4351
4352
4353
4354
4356
4358
4360
4361
4363
4364
4365
4366
4367
4368
4369
4370
4371
4372
4373
4374
4378
4379
4380
4381
4382
4385
4387
4388
4389
4393
4396
4398
4399
4400
4401
4402
4403
4404
4407
4408
4410
4413
4414
4415
4416
4418
4420
4421
4422
4423
4424
4425
4426
4427
4428
4429
4430
4431
4432
4433
4434
4435
4436
4437
4438
4544
4545
4546
4547
4548
4554
4555
4556
4557
4558
4569
4570
4571
4572
4573
4574
4575
4576
4577
4578
4579
4580
4581
4582
4583
4584
4585
4586
4587
4588
4589
4590
4591
4592
4593
4595
4596
4597
4598
4599
4600
4601
4602
4614
4616
4619
4621
4624
4625
4626
4628
4630
4631
4638
4640
4641
4642
4643
4645
4646
4647
4650
4653
4655
4657
4658
4659
4660
4661
4662
4663
4664
4665
4666
4695
4696
4697
4698
4699
4710
4711
4712
4713
4714
4715
4716
4717
4719
4720
4721
4722
4723
4724
4725
4726
4727
4728
4729
4730
4731
4732
4739
4740
4741
4742
4743
4744
4745
4751
4752
4753
4754
4755
4756
4757
4762
4763
4764
4765
4766
4767
4768
4772
4773
4774
4775
4776
4777
4778
4781
4782
4783
4784
4785
4786
4787
4789
4790
4791
4792
4793
4794
4795
4796
4797
4798
4799
4800
4801
4802
4804
4805
4806
4807
4808
4809
4810
4811
4812
4813
4824
4825
4826
4827
4828
4829
4830
4831
4832
4833
4834
4835
4836
4842
4843
4848
4849
4853
4854
4857
4858
4860
4861
4862
4863
4864
4865
4866
4867
4870
4871
4874
4877
4878
4882
4883
4884
4885
4886
4887
4888
4889
4890
4891
4892
4893
4900
4901
4902
4903
4904
4905
4906
4907
4914
4915
4916
4917
4918
4920
4921
4923
4924
4926
4927
4928
4929
4930
4931
4932
4933
4934
4935
4936
4937
4938
4939
4941
4944
4946
4947
4948
4949
4950
4951
4952
4953
4954
4955
4956
4957
4958
4963
4966
4968
4969
4972
4974
4975
4976
4977
4978
4979
4981
4982
4983
4987
4990
4992
4993
4994
4995
4997
4998
4999
5000
5001
5003
5005
5006
5009
5010
5014
5015
5016
5017
5019
5020
5021
5022
5023
5025
5026
5027
5028
5029
5031
5032
5033
5034
5035
5036
5037
5038
5039
5040
5041
5042
5043
5044
5045
5046
5047
5048
5049
5050
5051
5052
5053
5054
5055
5056
5057
5058
5059
5060
5061
5062
5063
5064
5065
5066
5067
5068
5069
5070
5071
5072
5073
5074
5075
5076
5077
5078
5079
5080
5082
5083
5084
5085
5086
5087
5088
5089
5090
5091
5092
5093
5094
5095
5096
5097
5098
5099
5100
5101
5102
5103
5104
5105
5106
5107
5108
5109
5110
5111
5112
5113
5114
5115
5116
5117
5118
5119
5120
5125
5126
5128
5129
5130
5131
5132
5136
5137
5153
5154
5155
5167
5168
5169
5170
5171
5172
5173
5174
5175
5176
5177
5179
5180
5181
5183
5184
5185
5186
5188
5190
5191
5192
5193
5194
5195
5197
5198
5200
5202
5203
5205
5206
5207
5208
5209
5210
5211
5212
5213
5214
5216
5217
5220
5221
5222
5223
5224
5225
5229
5231
5232
5251
5252
5253
5255
5256
5257
5258
5259
5260
5261
5262
5263
5264
5265
5266
5267
5268
5269
5270
5271
5272
5273
5274
5275
5276
5277
5278
5279
5280
5281
5282
5283
5284
5285
5286
5287
5303
5304
5305
5306
5307
5308
5310
5311
5312
5314
5316
5317
5318
5319
5320
5321
5322
5323
5327
5328
5329
5330
5331
5332
5333
5334
5335
5336
5337
5338
5340
5342
5343
5344
5345
5346
5348
5349
5350
5351
5352
5354
5357
5358
5359
5360
5361
5364
5365
5368
5370
5371
5372
5373
5374
5376
5377
5378
5379
5380
5382
5385
5386
5387
5388
5389
5392
5393
5395
5401
5406
5410
5413
5415
5416
5417
5422
5423
5426
5427
5430
5431
5432
5434
5438
5439
5443
5445
5446
5447
5448
5449
5450
5451
5453
5454
5455
5456
5457
5458
5459
5460
5461
5463
5470
5471
5477
5478
5483
5484
5488
5489
5492
5493
5495
5496
5497
5498
5499
5500
5501
5502
5503
5504
5505
5506
5507
5508
5511
5512
5515
5516
5517
5519
5520
5521
5522
5533
5539
5540
5542
5543
5544
5545
5546
5547
5548
5549
5550
5551
5552
5553
5554
5555
5556
5557
5645
5646
5652
5653
5658
5659
5663
5664
5681
5682
5683
5684
5691
5692
5693
5694
5695
5696
5697
5698
5699
5700
5709
5711
5712
5713
5714
5715
5716
5717
5718
5719
5720
5721
5723
5725
5726
5727
5728
5730
5731
5732
5736
5743
5744
5745
5746
5747
5748
5749
5750
5751
5752
5753
5754
5755
5757
5758
5759
5760
5761
5762
5764
5765
5766
5767
5769
5770
5772
5773
5774
5776
5777
5778
5780
5781
5782
5786
5788
5791
5792
5793
5794
5795
5798
5800
5803
5804
5805
5806
5807
5809
5811
5814
5815
5816
5817
5818
5819
5821
5824
5825
5826
5827
5828
5829
5831
5832
5834
5835
5837
5838
5841
5842
5843
5844
5845
5846
5847
5849
5850
5852
5854
5855
5856
5857
5858
5859
5860
5861
5862
5863
5864
5865
5867
5868
5869
5871
5872
5873
5874
5877
5878
5879
5880
5881
5882
5883
5884
5885
5886
5887
5888
5889
5890
5891
5892
5893
5894
5895
5896
5897
5898
5899
5900
5901
5902
5903
5904
5905
5906
5907
5908
5909
5910
5911
5912
5913
5914
5915
5916
5917
5918
5919
5921
5922
5923
5924
5925
5926
5935
5938
5940
5941
5942
5943
5944
5945
5946
5947
5948
5949
5950
5951
5952
5953
5954
5955
5957
5958
5959
5961
5962
5963
5964
5965
5967
5968
5969
5970
5971
5972
5980
5981
5984
5985
5986
5987
5990
5991
5993
5994
5995
5996
5997
5998
5999
6000
6002
6003
6004
6005
6007
6008
6013
6019
6024
6028
6031
6036
6037
6046
6047
6048
6049
6050
6051
6052
6054
6057
6060
6061
6064
6070
6071
6072
6077
6083
6088
6092
6095
6100
6101
6110
6111
6112
6113
6114
6115
6116
6119
6120
6123
6126
6127
6130
6136
6137
6138
6139
6141
6142
6144
6155
6156
6157
6158
6159
6160
6161
6166
6167
6171
6172
6175
6176
6178
6179
6180
6181
6182
6185
6186
6188
6189
6190
6191
6192
6194
6196
6198
6204
6205
6206
6207
6208
6209
6210
6212
6213
6214
6218
6219
6220
6221
6222
6223
6224
6225
6226
6227
6228
6231
6232
6237
6238
6239
6242
6243
6245
6247
6248
6249
6251
6253
6254
6255
6256
6260
6262
6263
6264
6269
6272
6274
6275
6276
6279
6283
6284
6288
6290
6291
6292
6293
6294
6295
6296
6297
6298
6299
6300
6301
6302
6303
6304
6305
6306
6307
6308
6309
6310
6311
6312
6313
6314
6315
6642
6643
6644
6645
6646
6647
6648
6649
6650
6661
6662
6670
6671
6678
6679
6685
6686
6691
6692
6696
6697
6700
6701
6703
6704
6705
6706
6709
6710
6711
6712
6713
6714
6715
6716
6717
6718
6719
6720
6721
6722
6723
6724
6725
6726
6727
6728
6729
6730
6731
6732
6733
6734
6735
6736
6737
6738
6739
6740
6741
6742
6743
6744
6745
6746
6747
6748
6749
6750
6751
6752
6753
7749
7750
7751
7755
7757
7758
7760
7761
7762
7763
7764
7765
7766
7767
7768
7769
7770
7771
7772
7773
7775
7776
7778
7779
7780
7781
7783
7784
7786
7790
7791
7794
7795
7797
7798
7799
7800
7801
7802
7803
7804
7805
7806
7807
7808
7810
7811
7812
7813
7814
7816
7818
7820
7821
7823
7824
7826
7827
7828
7829
7830
7831
7832
7833
7834
7835
7836
7839
7841
7842
7843
7844
7845
7846
7847
7854
7855
7856
7857
7858
7859
7860
7861
7862
7863
7864
7865
7866
7867
7868
7869
7874
7877
7879
7880
7881
7882
7885
7886
7887
7888
7889
7892
7894
7896
7901
7902
7903
7904
7905
7908
7909
7910
7911
7912
7913
7914
7915
7916
7917
7918
7919
7926
7927
7928
7929
7930
7931
7932
7933
7934
7945
7946
7947
7948
7949
7951
7953
7955
7957
7959
7960
7961
7962
7963
7968
7969
7973
7974
7977
7978
7980
7981
7982
7983
7984
7985
7986
7987
7988
7989
7995
7999
8002
8004
8005
8006
8007
8011
8012
8014
8015
8016
8017
8018
8019
8021
8022
8023
8026
8027
8028
8030
8031
8032
8033
8034
8035
8036
8039
8042
8044
8047
8049
8050
8051
8052
8054
8056
8058
8059
8060
8063
8064
8066
8067
8068
8069
8070
8071
8072
8074
8075
8076
8077
8078
8079
8080
8081
8082
8084
8085
8086
8087
8088
8089
8090
8092
8093
8094
8095
8096
8097
8099
8100
8101
8102
8103
8104
8105
8106
8107
8108
8109
8110
8111
8112
8113
8114
8115
8116
8117
8118
8119
8120
8121
8122
8123
8125
8126
8127
8130
8131
8132
8135
8136
8137
8138
8139
8140
8142
8143
8144
8145
8146
8147
8148
8149
8150
8151
8152
8157
8161
8164
8166
8167
8170
8171
8172
8174
8175
8176
8177
8180
8181
8182
8184
8186
8187
8188
8189
8195
8197
8199
8200
8204
8206
8210
8211
8213
8214
8219
8220
8221
8225
8226
8227
8229
8230
8231
8233
8234
8235
8237
8238
8239
8240
8241
8242
8243
8244
8245
8246
8247
8248
8249
8250
8256
8259
8262
8263
8265
8266
8267
8268
8272
8274
8279
8280
8281
8285
8287
8288
8289
8290
8292
8294
8295
8296
8297
8298
8299
8300
8316
8317
8318
8319
8320
8331
8332
8334
8335
8336
8337
8338
8345
8346
8347
8348
8349
8350
8351
8352
8353
8354
8355
8357
8358
8359
8360
8361
8362
8365
8366
8367
8368
8375
8376
8377
8380
8383
8384
8386
8387
8391
8393
8394
8395
8401
8412
8413
8414
8415
8416
8417
8418
8419
8420
8422
8423
8426
8427
8428
8430
8431
8432
8433
8434
8435
8436
8437
8441
8442
8443
8444
8445
8446
8447
8448
8449
8450
8451
8452
8453
8454
8455
8456
8535
8537
8539
8540
8633
8634
8635
8636
8637
8638
8639
8640
8642
8643
8644
8645
8648
8649
8650
8651
8652
8653
8654
8655
8656
8657
8658
8659
8660
8661
8662
8663
8664
8665
8666
8667
8668
8669
8670
8671
8672
8673
8682
8683
8684
8685
8693
8694
8695
8696
8703
8704
8705
8706
8712
8713
8714
8715
8720
8721
8722
8723
8727
8728
8729
8730
8733
8734
8735
8736
8738
8739
8740
8741
8742
8743
8744
8745
8746
8747
8748
8749
8750
8752
8753
8754
8755
8756
8757
8758
8759
8760
8761
8762
8763
8764
8765
8766
8788
8799
8807
8843
8845
8846
8847
8848
8850
8851
8853
8855
8857
8859
8860
8861
8863
8864
8865
8866
8867
8868
8872
8873
8874
8875
8878
8879
8880
8886
8891
8895
8898
8903
8904
8913
8914
8915
8916
8917
8918
8919
8921
8924
8927
8928
8931
8937
8938
8939
8940
8941
8942
8943
8944
8945
8946
8947
8948
8949
8950
8951
8952
8953
8954
8955
8956
8957
8958
8959
8960
8961
8962
9018
9020
9021
9023
9024
9026
9027
9029
9030
9032
9033
9034
9036
9037
9038
9040
9041
9042
9043
9044
9045
9046
9047
9048
9050
9051
9053
9054
9055
9056
9057
9059
9060
9062
9063
9066
9067
9069
9085
9086
9087
9088
9089
9090
9091
9092
9093
9094
9095
9096
9097
9098
9190
9191
9192
9193
9194
9195
9196
9197
9198
9199
9200
9201
9239
9240
9241
9242
9243
9244
9245
9246
9247
9248
9249
9250
9251
9252
9253
9254
9255
9256
9257
9258
9259
9260
9261
9262
9270
9271
9278
9279
9285
9286
9291
9292
9296
9297
9300
9301
9303
9304
9305
9306
9307
9308
9312
9313
9314
9317
9325
9328
9329
9330
9331
9333
9334
9337
9338
9339
9340
9341
9342
9343
9344
9345
9346
9348
9349
9351
9353
9354
9355
9356
9357
9358
9359
9360
9361
9362
9363
9364
9365
9366
9367
9368
9369
9370
9371
9373
9374
9375
9376
9377
9378
9379
9380
9381
9382
9383
9385
9386
9387
9388
9389
9390
9391
9395
9396
9397
9400
9402
9404
9406
9407
9408
9409
9410
9411
9412
9413
9414
9415
9416
9417
9418
9419
9420
9421
9422
9423
9424
9425
9426
9430
9431
9432
9433
9434
9437
9438
9439
9440
9441
9444
9445
9446
9447
9449
9450
9451
9452
9453
9454
9455
9456
9459
9461
9462
9463
9471
9472
9473
9475
9476
9477
9479
9480
9484
9485
9491
9492
9493
9494
9495
9500
9501
9502
9511
9512
9514
9515
9516
9517
9519
9520
9521
9522
9523
9524
9525
9526
9527
9528
9530
9534
9535
9542
9543
9544
9545
9546
9547
9548
9549
9550
9552
9553
9555
9560
9561
9562
9564
9565
9566
9567
9568
9573
9574
9575
9576
9577
9580
9581
9582
9583
9584
9585
9586
9588
9589
9599
9600
9601
9602
9604
9605
9607
9608
9609
9613
9615
9616
9617
9618
9619
9620
9621
9622
9623
9624
9625
9627
9628
9629
9630
9632
9633
9634
9635
9636
9638
9639
9640
9641
9642
9643
9644
9645
9646
9647
9648
9649
9650
9651
9652
9653
9654
9655
9656
9657
9658
9659
9660
9661
9662
9663
9664
9665
9666
9667
9668
9669
9670
9752
9753
9754
9755
9762
9763
9764
9765
9766
9767
9768
9769
9770
9771
9772
9773
9774
9775
9776
9777
9778
9779
9783
9784
9785
9786
9787
9788
9789
9792
9793
9794
9795
9796
9797
9798
9800
9801
9802
9803
9804
9805
9806
9807
9808
9809
9810
9811
9812
9813
9816
9817
9818
9819
9821
9822
9823
9824
9825
9826
9827
9828
9830
9832
9835
9836
9838
9839
9841
9842
9843
9844
9845
9846
9847
9848
9849
9850
9851
9852
9856
9857
9860
9862
9863
9864
9865
9866
9870
9871
9873
9874
9875
9876
9877
9878
9879
9880
9881
9882
9884
9885
9886
9887
9888
9889
9890
9891
9892
9893
9894
9895
9896
9897
9898
9899
9900
9901
9902
9903
9904
9905
9906
9907
9908
9909
9910
9911
9912
9913
9914
9916
9917
9918
9919
9920
9921
9923
9924
9925
9927
9928
9929
9930
9931
9943
9944
9945
9946
9947
9948
9949
9950
9957
9958
9960
9961
9962
9964
9965
9966
9967
9968
9970
9971
9972
9973
9979
9980
9981
9987
9988
9989
9992
9993
9994
9995
9997
9998
9999
10001
10002
10003
10006
10007
10009
10010
10011
10012
10014
10016
10017
10018
10019
10020
10021
10022
10023
10024
10025
10026
10027
10033
10034
10035
10037
10042
10043
10044
10046
10050
10051
10052
10054
10057
10058
10059
10061
10063
10064
10065
10067
10072
10073
10074
10075
10076
10077
10078
10079
10080
10081
10082
10083
10085
10086
10087
10088
10092
10093
10094
10095
10096
10098
10099
10100
10101
10102
10103
10107
10108
10109
10110
10111
10112
10113
10117
10119
10126
10127
10128
10129
10130
10131
10132
10133
10134
10135
10136
10147
10148
10149
10153
10154
10156
10158
10159
10160
10161
10162
10163
10164
10165
10166
10167
10171
10172
10174
10175
10176
10177
10181
10183
10184
10185
10186
10189
10190
10191
10192
10193
10196
10197
10198
10199
10200
10202
10203
10204
10205
10206
10207
10211
10212
10213
10214
10215
10216
10217
10222
10223
10224
10225
10226
10227
10228
10229
10236
10242
10247
10251
10254
10256
10257
10258
10261
10262
10263
10264
10265
10266
10267
10268
10269
10274
10275
10279
10280
10283
10284
10286
10287
10288
10289
10291
10292
10293
10294
10295
10296
10297
10298
10299
10300
10316
10317
10319
10320
10321
10322
10325
10327
10328
10329
10330
10331
10334
10336
10337
10342
10346
10349
10351
10352
10353
10354
10355
10356
10357
10358
10359
10360
10361
10362
10363
10364
10365
10366
10367
10368
10369
10375
10376
10381
10382
10386
10387
10390
10391
10393
10394
10395
10396
10397
10398
10399
10400
10401
10402
10403
10404
10406
10407
10408
10409
10414
10415
10416
10417
10418
10419
10420
10421
10422
10423
10427
10430
10432
10433
10434
10435
10437
10439
10441
10442
10444
10447
10448
10451
10452
10454
10455
10456
10457
10459
10460
10461
10462
10464
10465
10466
10467
10468
10469
10470
10471
10474
10475
10476
10477
10478
10479
10480
10481
10482
10483
10484
10485
10486
10487
10488
10489
10490
10491
10492
10493
10494
10495
10496
10497
10498
10499
10500
10502
10503
10504
10506
10507
10508
10509
10510
10511
10512
10513
10514
10515
10516
10517
10518
10519
10520
10521
10524
10526
10528
10529
10530
10531
10535
10536
10537
10538
10539
10540
10541
10542
10543
10544
10545
10546
10548
10549
10553
10555
10556
10557
10558
10561
10563
10564
10565
10566
10568
10569
10570
10571
10573
10574
10576
10577
10578
10579
10580
10581
10592
10593
10594
10598
10600
10601
10602
10603
10604
10605
10606
10607
10608
10609
10610
10611
10622
10632
10641
10649
10656
10662
10667
10671
10674
10676
10677
10692
10693
10694
10705
10706
10707
10708
10711
10713
10714
10715
10716
10717
10718
10719
10720
10721
10722
10723
10737
10749
10760
10770
10779
10787
10794
10800
10805
10809
10812
10814
10815
10816
10817
10819
10820
10832
10833
10834
10835
10836
10837
10838
10839
10840
10841
10842
10843
10859
10860
10861
10862
10863
10864
10865
10866
10867
10868
10870
10871
10872
10873
10874
10875
10876
10877
10878
10879
10880
10881
10888
10889
10890
10896
10897
10898
10903
10904
10905
10909
10910
10911
10914
10915
10916
10918
10919
10920
10921
10922
10923
10924
10925
10927
10928
10929
10930
10931
10933
10934
10935
10936
10937
10939
10941
10942
10943
10945
10946
10947
10952
10953
10954
10955
10957
10959
10960
10963
10964
10965
10966
10967
10969
10970
10971
10972
10973
10974
10975
10976
10977
10978
10979
10980
10981
10982
10983
10984
10986
10987
10988
10989
10990
10991
10992
10993
10994
10995
10996
11000
11001
11002
11004
11006
11007
11008
11009
11010
11011
11012
11013
11014
11015
11016
11017
11019
11020
11029
11030
11031
11033
11034
11035
11036
11037
11038
11044
11048
11049
11051
11054
11055
11056
11057
11058
11059
11060
11061
11062
11063
11067
11070
11072
11073
11078
11079
11081
11086
11090
11091
11094
11095
11097
11098
11099
11100
11102
11103
11104
11105
11106
11107
11112
11113
11115
11117
11118
11119
11120
11121
11122
11124
11125
11126
11127
11129
11130
11135
11136
11137
11138
11139
11140
11141
11142
11143
11144
11145
11146
11147
11149
11151
11152
11153
11154
11155
11157
11158
11159
11160
11161
11163
11166
11167
11168
11169
11170
11173
11174
11178
11179
11180
11181
11182
11183
11185
11186
11187
11188
11189
11190
11191
11192
11193
11194
11195
11196
11213
11214
11215
11216
11218
11219
11220
11221
11222
11223
11225
11226
11227
11228
11229
11230
11231
11233
11234
11235
11238
11239
11241
11242
11244
11245
11246
11248
11249
11250
11251
11252
11254
11255
11256
11257
11285
11286
11287
11288
11289
11290
11291
11292
11293
11294
11295
11297
11298
11301
11302
11304
11305
11306
11307
11313
11317
11320
11322
11323
11326
11328
11329
11332
11333
11335
11336
11337
11344
11345
11346
11347
11348
11349
11351
11352
11353
11354
11355
11356
11357
11358
11359
11360
11361
11362
11365
11368
11372
11373
11377
11380
11383
11386
11390
11391
11392
11395
11398
11401
11404
11407
11408
11413
11417
11420
11422
11423
11424
11429
11430
11431
11432
11433
11434
11435
11436
11437
11438
11442
11443
11444
11447
11448
11449
11451
11452
11453
11454
11455
11456
11460
11461
11463
11465
11467
11468
11470
11474
11475
11476
11478
11479
11480
11481
11482
11483
11484
11485
11486
11487
11488
11489
11490
11491
11492
11493
11494
11495
11496
11497
11498
11499
11500
11501
11502
11504
11505
11506
11507
11508
11509
11510
11511
11512
11513
11514
11521
11522
11524
11525
11529
11530
11531
11532
11533
11534
11535
11539
11540
11541
11548
11554
11559
11563
11566
11568
11569
11571
11572
11573
11574
11575
11576
11590
11597
11603
11608
11612
11615
11617
11618
11619
11620
11621
11622
11623
11624
11625
11626
11627
11628
11629
11630
11631
11632
11633
11634
11635
11636
11637
11638
11639
11643
11646
11671
11672
11673
11674
11675
11679
11680
11681
11682
11684
11685
11686
11688
11689
11690
11692
11693
11694
11695
11696
11697
11698
11699
11700
11701
11703
11704
11705
11706
11707
11709
11717
11718
11719
11720
11721
11722
11724
11725
11726
11727
11728
11729
11730
11731
11732
11733
11734
11739
11740
11742
11743
11744
11746
11747
11748
11749
11750
11751
11752
11753
11757
11761
11762
11763
11764
11765
11766
11767
11768
11769
11770
11771
11772
11776
11779
11780
11781
11783
11784
11785
11786
11787
11788
11789
11790
11792
11793
11794
11795
11796
11797
11798
11802
11803
11807
11808
11810
11813
11814
11816
11817
11820
11821
11823
11825
11826
11828
11831
11832
11834
11835
11837
11838
11840
11841
11844
11846
11847
11848
11851
11852
11854
11858
11859
11861
11862
11863
11864
11865
11868
11869
11872
11877
11878
11879
11883
11884
11892
11893
11900
11901
11907
11908
11913
11914
11918
11919
11922
11923
11925
11926
11927
11928
11929
11933
11934
11935
11938
11939
11940
11942
11943
11944
11945
11946
11947
11949
11950
11951
11952
11953
11954
11958
11959
11960
11961
11962
11963
11964
11967
11968
11970
11971
11972
11973
11974
11975
11976
11979
11980
11981
11982
11984
11985
11987
11988
11991
11992
11996
11997
11999
12000
12008
12009
12010
12011
12012
12015
12016
12019
12020
12021
12022
12023
12024
12026
12027
12028
12029
12030
12031
12032
12033
12034
12035
12036
12037
12038
12039
12040
12041
12043
12044
12045
12046
12047
12048
12049
12051
12054
12056
12057
12058
12059
12064
12065
12067
12068
12069
12070
12071
12072
12073
12074
12078
12080
12082
12083
12084
12085
12086
12089
12090
12091
12092
12093
12095
12096
12097
12098
12099
12100
12102
12103
12104
12105
12106
12107
12108
12109
12110
12111
12112
12113
12117
12118
12119
12120
12121
12122
12124
12125
12126
12127
12128
12129
12130
12131
12132
12133
12134
12135
12136
12137
12138
12139
12140
12147
12148
12149
12150
12152
12153
12154
12158
12159
12160
12161
12162
12163
12165
12167
12168
12169
12170
12171
12173
12174
12175
12176
12177
12179
12182
12183
12184
12185
12186
12189
12190
12195
12198
12201
12203
12204
12207
12209
12210
12213
12215
12216
12218
12219
12220
12221
12222
12223
12224
12225
12229
12230
12232
12233
12234
12241
12250
12251
12253
12254
12255
12259
12260
12262
12265
12266
12270
12271
12274
12275
12277
12278
12279
12280
12281
12282
12283
12284
12285
12286
12332
12333
12334
12336
12337
12342
12346
12349
12351
12352
12353
12354
12355
12356
12357
12358
12359
12361
12362
12363
12365
12366
12367
12370
12371
12372
12373
12376
12377
12379
12380
12382
12383
12385
12386
12388
12389
12390
12391
12392
12393
12394
12395
12396
12397
12398
12399
12400
12401
12402
12403
12482
12483
12484
12485
12486
12498
12499
12500
12501
12502
12503
12504
12505
12506
12507
12508
12510
12511
12512
12513
12514
12515
12516
12521
12522
12526
12527
12530
12531
12533
12534
12535
12536
12537
12539
12540
12541
12542
12543
12545
12547
12548
12549
12550
12552
12553
12555
12557
12558
12559
12560
12562
12563
12565
12567
12568
12569
12571
12572
12573
12574
12575
12576
12577
12578
12580
12583
12585
12586
12597
12598
12608
12609
12618
12619
12627
12628
12635
12636
12642
12643
12648
12649
12653
12654
12657
12658
12660
12661
12662
12663
12664
12667
12668
12669
12674
12675
12676
12677
12678
12679
12680
12684
12685
12686
12687
12688
12689
12690
12693
12694
12695
12696
12697
12698
12699
12701
12702
12703
12704
12705
12706
12707
12708
12709
12710
12711
12712
12713
12714
12715
12716
12717
12718
12719
12720
12721
12722
12723
12724
12725
12729
12732
12734
12735
12736
12737
12738
12739
12740
12741
12742
12743
12744
12747
12749
12750
12781
12782
12783
12784
12796
12801
12802
12803
12804
12805
12812
12818
12823
12827
12830
12832
12833
12834
12835
12836
12837
12838
12839
12840
12841
12853
12854
12856
12857
12858
12859
12860
12861
12862
12863
12864
12865
12866
12868
12869
12870
12871
12872
12873
12874
12875
12876
12877
12878
12879
12880
12881
12882
12883
12884
12885
12886
12887
12888
12889
12890
12891
12892
12893
12894
12897
12900
12902
12904
12905
12906
12907
12908
12909
12910
12912
12915
12917
12918
12919
12920
12921
12922
12923
12924
12925
12926
12927
12928
12929
12930
12931
12932
13014
13015
13016
13017
13024
13025
13026
13027
13028
13029
13030
13031
13032
13033
13034
13035
13036
13037
13038
13039
13046
13047
13048
13052
13055
13056
13058
13059
13060
13061
13062
13063
13064
13100
13101
13104
13105
13106
13107
13108
13120
13121
13122
13123
13124
13125
13126
13127
13128
13129
13140
13142
13143
13147
13148
13149
13150
13151
13153
13156
13157
13158
13159
13160
13163
13164
13167
13170
13171
13172
13173
13175
13177
13178
13179
13180
13181
13182
13183
13184
13185
13186
13189
13191
13192
13193
13196
13198
13199
13200
13201
13203
13205
13206
13207
13208
13209
13210
13211
13213
13214
13219
13223
13226
13228
13229
13230
13234
13235
13238
13240
13244
13246
13249
13250
13252
13253
13254
13255
13256
13257
13258
13259
13260
13261
13301
13302
13303
13309
13311
13312
13313
13315
13316
13325
13327
13328
13329
13330
13332
13333
13334
13336
13338
13339
13340
13341
13342
13343
13344
13345
13346
13348
13349
13350
13352
13353
13355
13356
13357
13358
13359
13360
13362
13363
13364
13365
13366
13367
13368
13369
13370
13372
13373
13374
13375
13376
13378
13379
13380
13381
13383
13385
13386
13388
13389
13394
13396
13397
13401
13402
13403
13404
13405
13406
13407
13408
13409
13410
13411
13412
13413
13414
13415
13417
13418
13419
13420
13421
13422
13423
13424
13425
13426
13427
13429
13430
13431
13434
13435
13437
13439
13440
13441
13443
13444
13447
13448
13449
13450
13451
13452
13453
13454
13455
13456
13457
13458
13459
13460
13463
13464
13465
13466
13467
13469
13471
13472
13473
13474
13475
13476
13477
13478
13479
13480
13481
13482
13483
13484
13485
13486
13487
13488
13489
13490
13536
13537
13538
13539
13540
13541
13542
13543
13544
13545
13546
13553
13554
13557
13560
13563
13564
13567
13568
13569
13570
13571
13574
13575
13576
13577
13578
13579
13581
13582
13583
13584
13585
13586
13587
13588
13589
13590
13591
13592
13593
13594
13604
13605
13608
13609
13611
13612
13613
13614
13615
13616
13618
13619
13627
13628
13630
13631
13632
13633
13639
13640
13641
13643
13644
13645
13646
13650
13652
13654
13655
13656
13657
13658
13659
13663
13666
13667
13668
13669
13673
13675
13677
13678
13681
13683
13684
13687
13688
13692
13693
13694
13701
13702
13703
13704
13707
13708
13709
13710
13711
13712
13713
13717
13718
13719
13720
13721
13722
13723
13724
13725
13726
13729
13730
13731
13734
13735
13736
13737
13740
13741
13742
13743
13744
13747
13748
13749
13750
13751
13752
13753
13754
13755
13756
13757
13758
13759
13760
13771
13772
13773
13774
13781
13782
13784
13785
13786
13787
13788
13789
13790
13791
13792
13794
13795
13796
13797
13798
13801
13802
13803
13804
13805
13806
13807
13808
13809
13816
13817
13818
13819
13820
13821
13822
13823
13824
13826
13828
13829
13830
13831
13836
13837
13838
13840
13841
13842
13843
13844
13845
13846
13847
13848
13850
13851
13852
13853
13854
13855
13856
13857
13858
13859
13860
13861
13863
13864
13865
13866
13868
13869
13870
13871
13872
13873
13874
13875
13876
13877
13878
13879
13881
13882
13883
13884
13885
13887
13888
13889
13890
13891
13892
13893
13894
13895
13900
13901
13903
13904
13905
13907
13908
13909
13910
13911
13912
13913
13914
13916
13918
13919
13921
13923
13924
13925
13927
13928
13929
13930
13931
13932
13933
13934
13935
13936
13937
13938
13939
13940
13941
13942
13943
13944
13945
13946
13948
13949
13953
13954
13956
13957
13961
13962
13963
13964
13965
13966
13968
13969
13970
13971
13972
13973
13974
13975
13976
13977
13978
13979
13980
13981
13982
13983
13984
13985
13986
13988
13989
13990
13992
13993
13994
13996
13998
14000
14001
14002
14003
14004
14005
14006
14007
14008
14010
14011
14012
14013
14014
14015
14017
14018
14020
14021
14022
14023
14024
14025
14026
14027
14028
14029
14030
14031
14032
14033
14034
14035
14036
14037
14038
14039
14040
14041
14042
14043
14044
14045
14046
14047
14048
14049
14050
14051
14052
14053
14054
14121
14122
14133
14134
14135
14138
14139
14140
14141
14142
14143
14145
14146
14147
14148
14149
14150
14156
14158
14159
14160
14161
14163
14164
14165
14167
14168
14169
14170
14171
14172
14173
14174
14175
14176
14177
14178
14179
14180
14181
14182
14183
14184
14185
14264
14265
14266
14267
14268
14269
14270
14271
14272
14275
14276
14277
14278
14280
14282
14283
14284
14285
14287
14289
14290
14291
14292
14297
14298
14299
14300
14302
14303
14305
14306
14307
14309
14312
14314
14315
14317
14318
14320
14321
14323
14325
14327
14328
14330
14332
14333
14335
14336
14337
14338
14340
14342
14343
14344
14345
14347
14348
14349
14350
14353
14354
14355
14356
14357
14358
14359
14360
14361
14383
14386
14387
14389
14390
14392
14393
14396
14397
14399
14400
14403
14404
14405
14407
14409
14411
14412
14414
14415
14418
14419
14420
14423
14424
14426
14428
14429
14431
14432
14434
14435
14437
14446
14447
14448
14449
14450
14451
14452
14453
14455
14456
14458
14459
14460
14461
14465
14468
14469
14470
14472
14474
14476
14477
14478
14481
14482
14484
14485
14487
14488
14489
14491
14493
14495
14496
14498
14499
14500
14501
14502
14503
14504
14511
14512
14513
14514
14518
14519
14520
14521
14522
14533
14534
14536
14537
14539
14540
14541
14548
14551
14553
14554
14555
14556
14557
14558
14559
14560
14561
14562
14563
14592
14593
14594
14595
14596
14600
14603
14605
14606
14611
14612
14613
14614
14615
14616
14617
14618
14619
14620
14621
14626
14630
14633
14635
14636
14639
14640
14642
14643
14644
14647
14648
14650
14652
14653
14655
14656
14658
14659
14660
14676
14678
14679
14681
14686
14687
14688
14689
14690
14692
14693
14695
14696
14697
14698
14701
14702
14703
14705
14706
14707
14708
14709
14710
14711
14712
14714
14715
14716
14717
14718
14719
14720
14723
14724
14725
14726
14727
14728
14729
14732
14733
14734
14735
14737
14738
14739
14740
14743
14745
14746
14747
14748
14749
14750
14751
14752
14753
14754
14755
14756
14760
14761
14764
14765
14766
14767
14768
14769
14771
14772
14774
14775
14776
14777
14778
14779
14781
14782
14783
14784
14785
14787
14788
14789
14790
14791
14793
14794
14795
14796
14797
14798
14799
14808
14809
14810
14811
14812
14813
14814
14818
14819
14820
14821
14831
14832
14833
14834
14840
14841
14846
14847
14851
14852
14855
14856
14858
14859
14860
14861
14862
14867
14868
14872
14873
14874
14875
14877
14878
14879
14880
14881
14882
14883
14884
14885
14886
14887
14888
14889
14893
14894
14895
14898
14899
14900
14902
14903
14904
14905
14906
14907
14911
14913
14914
14916
14940
14941
14943
14949
14952
14953
14954
14955
14956
14957
14961
14964
14966
14967
14968
14973
14974
14975
14976
14977
14979
14981
14984
14987
14991
14995
14996
14998
14999
15000
15001
15002
15006
15008
15009
15010
15011
15013
15014
15017
15021
15022
15023
15024
15025
15026
15027
15028
15029
15030
15031
15032
15033
15037
15040
15041
15042
15043
15046
15050
15051
15053
15054
15058
15059
15062
15065
15066
15067
15071
15072
15073
15074
15077
15078
15079
15080
15081
15082
15083
15084
15085
15086
15087
15088
15089
15090
15091
15092
15093
15094
15095
15096
15097
15098
15099
15100
15101
15102
15103
15104
15105
15106
15107
15108
15109
15110
15111
15112
15113
15114
15115
15116
15117
15118
15119
15120
15121
15122
15123
15124
15125
15126
15127
15128
15130
15131
15132
15133
15134
15135
15136
15137
15138
15139
15140
15141
15142
15143
15144
15145
15146
15147
15148
15149
15150
15151
15152
15153
15154
15155
15156
15157
15158
15159
15160
15161
15162
15163
15164
15165
15166
15167
15168
15169
15170
15171
15172
15173
15174
15175
15176
15177
15178
15179
15180
15181
15182
15183
15184
15185
15186
15187
15188
15189
15190
15191
15192
15193
15194
15195
15196
15197
15198
15199
15200
15201
15202
15203
15204
15205
15206
15207
15208
15209
15210
15211
15212
15213
15214
15215
15216
15217
15218
15219
15220
15221
15222
15223
15224
15225
15226
15227
15228
15229
15230
15231
15232
15233
15234
15235
15236
15237
15238
15239
15240
15241
15242
15243
15244
15245
15246
15247
15248
15249
15250
15251
15252
15253
15254
15256
15257
15258
15259
15260
15261
15262
15274
15275
15276
15277
15278
15279
15280
15281
15282
15283
15284
15285
15286
15287
15288
15289
15290
15291
15292
15293
15294
15295
15296
15297
15298
15299
15300
15301
15313
15314
15315
15316
15317
15318
15319
15320
15321
15322
15323
15324
15325
15326
15327
15328
15329
15330
15331
15332
15333
15359
15360
15361
15362
15363
15364
15365
15366
15367
15368
15369
15370
15371
15396
15397
15398
15399
15400
15401
15402
15403
15404
15405
15406
15407
15408
15432
15433
15434
15435
15436
15437
15438
15439
15440
15441
15442
15443
15444
15467
15468
15469
15470
15471
15472
15473
15474
15475
15476
15477
15478
15479
15501
15502
15503
15504
15505
15506
15507
15508
15509
15510
15511
15512
15513
15534
15535
15536
15537
15538
15539
15540
15541
15542
15543
15544
15545
15546
15566
15567
15568
15569
15570
15571
15572
15573
15574
15575
15576
15577
15578
15589
15590
15591
15592
15593
15594
15595
15596
15597
15598
15599
15600
15601
15602
15603
15604
15605
15606
15607
15608
15609
15619
15620
15621
15622
15623
15624
15625
15626
15627
15628
15629
15630
15631
15632
15633
15634
15635
15636
15637
15638
15639
15648
15649
15650
15651
15652
15653
15654
15655
15656
15657
15658
15659
15660
15661
15662
15663
15664
15665
15666
15667
15668
15676
15677
15678
15679
15680
15681
15682
15683
15684
15685
15686
15687
15688
15689
15690
15691
15692
15693
15694
15695
15696
15703
15704
15705
15706
15707
15708
15709
15710
15711
15712
15713
15714
15715
15716
15717
15718
15719
15720
15721
15722
15723
15729
15730
15731
15732
15733
15734
15735
15736
15737
15738
15739
15740
15741
15742
15743
15744
15745
15746
15747
15748
15749
15754
15755
15756
15757
15758
15759
15760
15761
15762
15763
15764
15765
15766
15767
15768
15769
15770
15771
15772
15773
15774
15778
15779
15780
15781
15782
15783
15784
15785
15786
15787
15788
15789
15790
15791
15792
15793
15794
15795
15796
15797
15798
15801
15802
15803
15804
15805
15806
15807
15808
15809
15810
15811
15812
15813
15814
15815
15816
15817
15818
15819
15820
15821
15823
15824
15825
15826
15827
15828
15829
15830
15831
15832
15833
15834
15835
15836
15837
15838
15839
15840
15841
15842
15843
15844
15845
15846
15847
15848
15849
15850
15851
15852
15853
15854
15855
15856
15857
15858
15859
15860
15861
15862
15863
15864
15881
15882
15883
15884
15900
15901
15902
15903
15918
15919
15920
15921
15935
15936
15937
15938
15951
15952
15953
15954
15966
15967
15968
15969
15980
15981
15982
15983
15993
15994
15995
15996
16003
16004
16005
16006
16007
16008
16014
16015
16016
16017
16018
16019
16024
16025
16026
16027
16028
16029
16033
16034
16035
16036
16037
16038
16041
16042
16043
16044
16045
16046
16048
16049
16050
16051
16052
16053
16054
16055
16056
16057
16058
16059
16061
16062
16063
16064
16065
16066
16067
16068
16075
16076
16077
16078
16079
16086
16088
16092
16095
16097
16098
16099
16116
16120
16121
16122
16124
16127
16128
16130
16131
16134
16135
16137
16139
16141
16142
16144
16145
16147
16148
16150
16151
16154
16155
16158
16159
16161
16163
16165
16166
16168
16169
16170
16175
16176
16177
16178
16185
16186
16193
16206
16207
16209
16210
16212
16215
16216
16217
16218
16219
16226
16228
16229
16230
16233
16234
16241
16243
16244
16245
16247
16248
16249
16253
16255
16256
16259
16260
16261
16263
16264
16265
16266
16267
16268
16269
16270
16271
16272
16274
16275
16276
16278
16279
16280
16282
16283
16284
16285
16286
16287
16288
16289
16290
16295
16296
16299
16300
16302
16303
16304
16305
16308
16309
16311
16313
16315
16316
16317
16319
16321
16322
16324
16325
16326
16327
16328
16329
16331
16332
16333
16334
16335
16336
16337
16338
16339
16340
16344
16345
16346
16347
16348
16349
16350
16351
16352
16353
16354
16355
16359
16361
16362
16365
16369
16370
16371
16375
16376
16377
16378
16379
16380
16381
16382
16383
16384
16385
16387
16388
16389
16390
16391
16392
16394
16395
16396
16398
16399
16400
16401
16402
16403
16404
16405
16406
16410
16413
16415
16416
16417
16418
16420
16422
16423
16424
16427
16429
16430
16431
16432
16433
16434
16436
16437
16438
16439
16443
16444
16445
16446
16447
16451
16452
16453
16454
16455
16456
16457
16459
16460
16461
16462
16463
16464
16469
16473
16476
16478
16479
16480
16481
16482
16483
16484
16499
16500
16501
16502
16503
16504
16505
16506
16507
16508
16509
16510
16511
16512
16513
16514
16515
16516
16517
16518
16519
16520
16521
16522
16523
16524
16525
16526
16527
16528
16537
16538
16548
16551
16555
16560
16564
16568
16569
16570
16571
16572
16573
16574
16575
16576
16577
16578
16580
16581
16582
16583
16584
16585
16586
16587
16588
16589
16590
16591
16593
16594
16595
16596
16598
16599
16600
16601
16602
16603
16604
16606
16607
16608
16609
16610
16611
16613
16614
16615
16616
16617
16618
16619
16621
16622
16623
16624
16625
16626
16627
16628
16629
16640
16641
16642
16645
16646
16648
16649
16650
16651
16652
16653
16654
16660
16667
16673
16680
16685
16692
16703
16710
16712
16713
16714
16722
16730
16737
16743
16748
16752
16755
16757
16759
16762
16763
16764
16765
16766
16768
16769
16770
16771
16773
16774
16775
16776
16777
16778
16781
16783
16784
16785
16786
16787
16788
16792
16793
16795
16796
16797
16798
16799
16801
16802
16803
16804
16805
16806
16807
16808
16809
16810
16811
16812
16813
16814
16823
16824
16825
16826
16829
16831
16832
16844
16846
16847
16848
16849
16850
16854
16855
16856
16857
16858
16859
16860
16861
16862
16863
16864
16865
16867
16868
16869
16870
16871
16875
16878
16880
16881
16882
16883
16884
16888
16889
16890
16894
16895
16896
16897
16898
16899
16900
16901
16902
16903
16904
16905
16906
16907
16908
16909
16910
16911
16912
16913
16914
16915
16916
16917
16918
16919
16920
16921
16922
16923
16924
16925
16926
16927
16928
16929
16930
16931
16932
16933
16934
16935
16936
16937
16938
16939
16940
16941
16942
16943
16944
16945
16946
16947
16948
16949
16950
16951
16952
16953
16954
16955
16956
16957
16958
16959
16960
16961
16962
16963
16964
16965
16966
16967
16968
16969
16970
16972
16973
16974
16975
16976
16977
16978
16979
16980
16981
16982
16983
16984
16985
16986
16987
16988
16989
16990
16991
16992
16993
16995
16996
16997
16998
16999
17000
17001
17002
17003
17004
17005
17006
17007
17008
17009
17010
17011
17012
17013
17014
17015
17016
17017
17018
17019
17020
17022
17023
17024
17025
17026
17027
17028
17029
17030
17031
17032
17033
17034
17035
17036
17037
17038
17040
17041
17042
17043
17044
17045
17046
17047
17048
17049
17051
17052
17053
17054
17083
17084
17085
17091
17092
17098
17109
17110
17113
17118
17119
17121
17122
17124
17125
17126
17127
17128
17129
17130
17131
17133
17134
17135
17136
17138
17139
17143
17144
17145
17146
17147
17148
17149
17150
17151
17153
17154
17155
17157
17159
17160
17161
17162
17163
17164
17166
17167
17168
17170
17171
17174
17178
17179
17180
17181
17182
17183
17184
17185
17187
17188
17189
17190
17191
17192
17193
17194
17195
17196
17197
17198
17199
17200
17201
17202
17204
17205
17206
17207
17208
17209
17210
17211
17212
17214
17215
17216
17217
17218
17219
17220
17221
17223
17224
17226
17227
17228
17229
17232
17234
17235
17239
17241
17242
17243
17244
17245
17254
17255
17256
17257
17260
17262
17263
17264
17265
17266
17267
17270
17272
17273
17278
17279
17280
17291
17293
17296
17297
17298
17300
17302
17303
17305
17307
17308
17312
17313
17314
17315
17317
17321
17322
17324
17326
17329
17330
17331
17332
17333
17334
17335
17337
17338
17339
17340
17341
17342
17343
17344
17345
17346
17347
17348
17349
17350
17351
17352
17353
17354
17355
17356
17357
17358
17359
17360
17361
17363
17364
17365
17366
17367
17368
17369
17370
17371
17373
17374
17375
17376
17377
17378
17379
17386
17387
17388
17389
17390
17391
17392
17395
17396
17400
17401
17402
17406
17411
17415
17418
17420
17421
17422
17423
17424
17425
17426
17430
17433
17435
17437
17441
17442
17443
17452
17453
17454
17455
17456
17457
17460
17462
17463
17464
17465
17466
17467
17468
17469
17470
17472
17475
17477
17478
17495
17496
17497
17498
17499
17500
17501
17502
17503
17504
17505
17506
17512
17513
17515
17516
17517
17518
17522
17523
17524
17526
17527
17528
17534
17541
17543
17544
17547
17550
17552
17554
17567
17568
17569
17571
17574
17575
17576
17577
17578
17580
17581
17582
17583
17584
17585
17586
17587
17588
17589
17592
17595
17597
17599
17608
17609
17617
17618
17625
17626
17632
17633
17638
17639
17643
17644
17647
17648
17650
17651
17652
17653
17655
17656
17657
17659
17660
17666
17667
17669
17670
17672
17673
17674
17675
17676
17677
17678
17679
17680
17681
17682
17683
17684
17685
17686
17687
17688
17689
17690
17691
17692
17693
17694
17695
17696
17697
17698
17699
17700
17701
17702
17703
17704
17705
17706
17707
17708
17709
17710
17711
17712
17713
17714
17715
17906
17907
17908
17909
17910
17911
17912
17913
17915
17916
17917
17919
17920
17921
17922
17923
17924
17925
17926
17927
17928
17929
17930
17931
17932
17933
17949
17950
17951
17952
17953
17954
18000
18001
18003
18004
18007
18009
18010
18016
18021
18025
18028
18030
18031
18032
18034
18035
18036
18038
18039
18040
18041
18042
18045
18046
18048
18049
18050
18051
18052
18054
18055
18056
18057
18058
18059
18061
18068
18069
18070
18071
18072
18073
18076
18077
18078
18081
18082
18087
18088
18089
18092
18093
18096
18098
18099
18100
18101
18102
18103
18104
18106
18112
18113
18114
18116
18117
18118
18120
18121
18122
18124
18127
18128
18129
18130
18136
18138
18139
18140
18142
18143
18144
18145
18146
18152
18153
18154
18156
18157
18158
18159
18160
18162
18163
18164
18165
18169
18171
18172
18173
18175
18176
18178
18179
18180
18181
18182
18183
18184
18185
18186
18187
18188
18189
18190
18191
18192
18193
18194
18195
18196
18199
18200
18201
18202
18204
18205
18206
18207
18208
18209
18210
18211
18213
18214
18215
18216
18217
18218
18219
18220
18221
18222
18224
18225
18226
18227
18229
18230
18231
18232
18233
18234
18235
18236
18237
18238
18239
18240
18241
18242
18243
18244
18245
18246
18247
18248
18249
18250
18251
18252
18253
18254
18255
18256
18257
18258
18259
18261
18262
18263
18264
18265
18266
18267
18268
18269
18270
18271
18272
18273
18274
18275
18276
18277
18279
18280
18281
18282
18283
18284
18285
18286
18287
18288
18289
18290
18291
18292
18293
18294
18295
18296
18297
18298
18299
18321
18322
18330
18339
18345
18366
18367
18369
18370
18371
18372
18375
18376
18377
18378
18379
18380
18381
18382
18383
18384
18385
18386
18387
18388
18389
18390
18391
18392
18393
18394
18395
18396
18397
18399
18400
18401
18403
18405
18407
18454
18455
18456
18457
18458
18459
18460
18461
18462
18463
18464
18465
18466
18467
18468
18469
18470
18471
18472
18473
18474
18475
18476
18477
18478
18479
18480
18481
18482
18483
18484
18485
18486
18487
18488
18489
18490
18491
18492
18493
18494
18495
18496
18497
18498
18499
18753
18754
18755
18756
18757
18758
18759
18782
18783
18784
18785
18786
18787
18788
18789
18790
18791
18792
18793
18809
18810
18811
18812
18813
18814
18815
18816
18845
18846
18847
18848
18849
18860
18861
18862
18863
18864
18865
18866
18867
18896
18897
18898
18899
18900
18901
18902
18903
18904
18946
18947
18948
18949
18950
18951
18952
18953
18954
18955
18956
18957
18958
18959
18960
18961
18962
18963
18964
18965
18966
18967
18968
18969
18980
18991
18992
18993
18994
18995
18996
18997
18998
19008
19009
19020
19035
19063
19064
19065
19066
19067
19068
19069
19070
19071
19072
19073
19077
19084
19085
19086
19087
19088
19089
19090
19091
19092
19093
19094
19095
19096
19097
19098
19099
19100
19101
19102
19103
19104
19105
19106
19107
19108
19109
19111
19112
19113
19114
19115
19116
19117
19118
19119
19120
19121
19124
19125
19126
19127
19128
19129
19130
19131
19133
19134
19135
19136
19137
19138
19139
19140
19141
19142
19143
19144
19145
19146
19147
19148
19149
19150
19151
19152
19153
19154
19155
19156
19158
19159
19160
19161
19162
19163
19164
19165
19166
19167
19168
19169
19170
19171
19172
19173
19175
19176
19177
19178
19179
19181
19182
19183
19184
19186
19187
19188
19189
19190
19191
19192
19195
19196
19198
19199
19200
19202
19204
19206
19208
19210
19211
19212
19213
19214
19215
19217
19218
19220
19221
19223
19224
19225
19241
19242
19244
19245
19246
19247
19248
19249
19250
19254
19255
19257
19258
19259
19263
19264
19265
19267
19270
19272
19273
19274
19277
19278
19291
19293
19302
19312
19325
19345
19346
19347
19348
19349
19350
19351
19352
19353
19354
19355
19356
19357
19358
19362
19364
19365
19366
19369
19370
19371
19372
19373
19374
19375
19376
19377
19378
19379
19380
19384
19387
19388
19389
19390
19391
19392
19393
19394
19395
19396
19397
19404
19410
19415
19419
19422
19424
19425
19426
19427
19428
19429
19430
19431
19436
19437
19439
19441
19442
19443
19444
19445
19446
19451
19454
19456
19457
19458
19459
19460
19461
19462
19463
19464
19465
19466
19467
19468
19469
19470
19471
19472
19473
19474
19475
19476
19477
19479
19480
19481
19482
19483
19484
19485
19486
19487
19488
19489
19511
19512
19513
19514
19515
19519
19523
19524
19527
19529
19530
19531
19532
19533
19534
19535
19536
19537
19539
19540
19541
19542
19543
19544
19545
19546
19547
19549
19550
19551
19552
19554
19555
19556
19557
19558
19559
19560
19561
19565
19566
19567
19570
19571
19572
19573
19575
19576
19577
19578
19579
19580
19581
19582
19584
19585
19586
19587
19588
19589
19590
19591
19592
19593
19595
19596
19598
19599
19600
19601
19602
19603
19604
19605
19612
19613
19614
19615
19616
19617
19619
19620
19621
19622
19623
19624
19625
19627
19631
19632
19633
19640
19646
19651
19655
19658
19660
19661
19662
19663
19664
19665
19666
19667
19668
19669
19670
19671
19672
19673
19674
19675
19676
19677
19678
19679
19680
19681
19702
19703
19704
19705
19706
19707
19708
19711
19713
19714
19715
19716
19718
19719
19721
19722
19725
19726
19727
19728
19729
19730
19731
19732
19733
19734
19735
19739
19740
19742
19744
19745
19746
19747
19748
19749
19750
19753
19754
19755
19757
19758
19759
19760
19761
19763
19767
19768
19769
19770
19771
19772
19774
19775
19776
19777
19778
19779
19780
19781
19782
19783
19785
19787
19788
19789
19790
19791
19795
19796
19799
19800
19803
19804
19805
19806
19808
19809
19816
19817
19818
19822
19824
19825
19826
19828
19836
19837
19843
19844
19849
19850
19854
19855
19858
19859
19861
19862
19863
19864
19865
19866
19867
19868
19869
19871
19872
19873
19874
19876
19877
19878
19887
19888
19889
19890
19891
19892
19893
19894
19895
19896
19897
19898
19927
19928
19930
19931
19932
19933
19934
19935
19936
19937
19938
19939
19940
19941
19942
19943
19950
19951
19952
19964
19965
19968
19970
19972
19973
19974
19976
19977
19978
19982
19983
19984
19985
19986
19987
19988
19989
19990
19991
19992
19995
19997
19998
19999
20000
20001
20002
20003
20006
20007
20008
20009
20010
20011
20013
20014
20016
20017
20018
20019
20020
20032
20033
20034
20035
20036
20037
20041
20043
20047
20048
20050
20053
20056
20057
20058
20059
20060
20061
20062
20063
20064
20065
20066
20067
20068
20069
20070
20071
20072
20073
20074
20075
20076
20077
20079
20080
20081
20082
20083
20084
20085
20086
20087
20088
20092
20093
20094
20095
20096
20097
20098
20099
20100
20101
20102
20103
20104
20105
20106
20107
20108
20109
20110
20111
20112
20113
20114
20115
20116
20117
20118
20119
20120
20123
20125
20126
20127
20128
20129
20130
20131
20132
20133
20134
20135
20137
20138
20140
20141
20142
20143
20144
20146
20147
20148
20149
20150
20151
20152
20153
20154
20155
20156
20157
20158
20159
20160
20161
20163
20164
20165
20166
20170
20171
20173
20174
20176
20177
20179
20180
20181
20183
20184
20186
20187
20189
20190
20191
20192
20193
20194
20195
20196
20197
20198
20199
20200
20201
20202
20205
20206
20207
20208
20209
20210
20213
20215
20216
20221
20227
20228
20229
20234
20235
20236
20237
20238
20239
20240
20248
20250
20251
20252
20289
20290
20291
20292
20293
20294
20295
20296
20297
20298
20299
20300
20301
20302
20314
20315
20323
20325
20326
20327
20334
20336
20337
20338
20344
20345
20346
20347
20348
20353
20354
20355
20356
20357
20361
20362
20363
20364
20365
20368
20369
20370
20371
20372
20374
20376
20377
20378
20382
20383
20386
20387
20389
20390
20392
20393
20397
20400
20402
20403
20410
20411
20413
20414
20415
20417
20418
20419
20424
20426
20427
20428
20474
20477
20478
20490
20491
20502
20503
20513
20514
20523
20524
20532
20533
20540
20541
20547
20548
20553
20554
20558
20559
20562
20563
20565
20566
20568
20569
20573
20576
20578
20579
20586
20589
20590
20592
20594
20595
20597
20598
20599
20601
20603
20605
20606
20607
20608
20610
20611
20612
20613
20617
20620
20621
20631
20634
20636
20638
20639
20640
20641
20642
20644
20645
20646
20647
20648
20649
20650
20651
20652
20653
20654
20656
20657
20658
20660
20661
20663
20668
20669
20670
20671
20678
20679
20683
20684
20685
20692
20693
20695
20696
20698
20700
20701
20703
20704
20705
20706
20708
20709
20712
20713
20714
20715
20718
20719
20725
20726
20729
20730
20732
20733
20734
20735
20736
20737
20738
20739
20740
20741
20746
20747
20748
20749
20751
20752
20754
20756
20758
20759
20761
20763
20765
20766
20767
20768
20769
20772
20773
20775
20777
20780
20781
20786
20787
20788
20790
20793
20794
20797
20798
20799
20802
20803
20807
20808
20810
20814
20815
20817
20818
20824
20825
20828
20829
20830
20836
20837
20838
20839
20842
20843
20844
20845
20846
20849
20851
20852
20853
20854
20855
20856
20857
20858
20860
20861
20862
20863
20864
20865
20866
20868
20869
20870
20871
20872
20874
20875
20876
20877
20878
20879
20880
20881
20882
20888
20890
20891
20892
20893
20894
20895
20896
20899
20900
20902
20903
20905
20906
20907
20908
20910
20911
20912
20913
20914
20915
20917
20918
20919
20920
20921
20925
20927
20928
20929
20930
20931
20935
20936
20938
20939
20940
20944
20945
20946
20948
20949
20950
20951
20952
20958
20960
20961
20962
20963
20964
20965
20966
20967
20968
20969
20971
20972
20973
20974
20975
20977
20978
20979
20980
20981
20982
20984
20985
20986
20987
20989
20990
20991
20992
20993
20994
20995
20996
20997
20998
20999
21000
21003
21004
21005
21009
21010
21011
21012
21014
21015
21016
21017
21018
21020
21025
21027
21028
21030
21033
21034
21036
21037
21041
21042
21044
21045
21046
21048
21049
21050
21053
21054
21056
21057
21059
21061
21062
21064
21065
21066
21067
21068
21069
21070
21071
21072
21073
21074
21075
21076
21078
21079
21080
21088
21094
21099
21103
21106
21108
21109
21115
21117
21118
21119
21120
21121
21125
21126
21127
21128
21130
21131
21132
21133
21134
21135
21136
21138
21142
21143
21146
21147
21149
21152
21155
21156
21158
21160
21166
21167
21168
21177
21178
21179
21180
21188
21189
21191
21192
21194
21195
21197
21198
21200
21201
21203
21204
21207
21208
21211
21212
21213
21214
21217
21218
21220
21222
21223
21224
21226
21227
21228
21230
21231
21232
21233
21235
21236
21237
21239
21240
21241
21243
21244
21245
21246
21248
21249
21250
21251
21255
21256
21257
21259
21260
21261
21262
21264
21265
21266
21267
21268
21269
21270
21271
21272
21273
21274
21275
21285
21294
21302
21309
21315
21320
21324
21327
21329
21330
21331
21332
21333
21334
21336
21337
21338
21339
21340
21341
21342
21343
21344
21345
21346
21348
21349
21350
21351
21352
21354
21355
21356
21357
21358
21359
21360
21361
21362
21364
21365
21367
21368
21369
21370
21371
21372
21373
21374
21375
21376
21377
21378
21424
21425
21427
21428
21429
21430
21431
21432
21433
21434
21435
21436
21438
21439
21440
21441
21442
21443
21444
21455
21458
21459
21460
21461
21463
21464
21466
21467
21468
21470
21471
21472
21473
21474
21475
21476
21477
21482
21484
21486
21487
21488
21490
21492
21494
21495
21496
21497
21498
21500
21501
21503
21504
21505
21506
21507
21508
21509
21510
21511
21515
21516
21517
21519
21520
21521
21522
21523
21525
21526
21527
21543
21544
21545
21547
21549
21550
21551
21552
21553
21554
21555
21557
21558
21559
21561
21562
21563
21564
21565
21566
21567
21568
21569
21570
21571
21572
21580
21588
21589
21595
21596
21601
21602
21606
21607
21610
21611
21613
21614
21615
21616
21617
21618
21619
21622
21623
21624
21626
21627
21628
21629
21630
21637
21639
21640
21641
21642
21643
21644
21645
21646
21647
21648
21650
21651
21652
21656
21657
21658
21660
21661
21662
21664
21665
21666
21667
21668
21669
21670
21671
21672
21675
21677
21678
21679
21680
21683
21685
21686
21687
21688
21689
21690
21691
21692
21693
21694
21695
21696
21699
21700
21701
21702
21703
21704
21705
21706
21707
21708
21709
21710
21711
21712
21713
21714
21715
21716
21717
21718
21719
21720
21721
21722
21723
21724
21725
21792
21794
21795
21797
21798
21799
21800
21801
21809
21810
21815
21816
21820
21821
21824
21825
21827
21828
21829
21830
21831
21832
21833
21834
21835
21836
21837
21838
21839
21840
21841
21885
21886
21887
21888
21889
21890
21895
21899
21902
21904
21905
21906
21907
21908
21909
21910
21911
21912
21913
21914
21915
21916
21917
21918
21919
21920
21921
21922
21926
21928
21929
21930
21931
21932
21933
21934
21935
21936
21937
21938
21953
21967
21980
21992
22003
22013
22022
22030
22037
22043
22048
22052
22055
22057
22631
22642
22643
22644
22645
22646
22647
22649
22650
22651
22652
22654
22655
22656
22657
22658
22659
22660
22661
22662
22663
22664
22665
22666
22667
22668
22669
22670
22671
22672
22673
22674
22676
22677
22678
22679
22680
22681
22682
22684
22685
22686
22687
22688
22689
22690
22691
22692
22693
22695
22696
22698
22699
22701
22702
22704
22705
22710
22711
22712
22713
22714
22715
22716
22717
22720
22721
22722
22723
22724
22725
22727
22728
22729
22730
22732
22733
22734
22737
22740
22744
22745
22747
22748
22749
22750
22751
22752
22753
22754
22755
22756
22757
22758
22759
22760
22761
22762
22763
22764
22765
22767
22768
22770
22771
22772
22773
22774
22776
22777
22778
22780
22781
22783
22784
22785
22786
22788
22789
22791
22792
22793
22794
22795
22796
22797
22799
22800
22801
22802
22803
22804
22805
22806
22807
22808
22809
22810
22813
22816
22820
22821
22825
22827
22828
22831
22834
22835
22837
22840
22843
22846
22849
22852
22853
22854
22856
22857
22858
22859
22861
22862
22864
22867
22868
22869
22870
22871
22873
22874
22875
22876
22878
22879
22880
22881
22882
22883
22884
22885
22886
22887
22888
22889
22896
22898
22899
22904
22905
22907
22908
22909
22911
22912
22913
22914
22918
22919
22922
22923
22926
22927
22929
22944
22945
22946
22947
22948
22949
22950
22951
22952
22953
22954
22955
22956
22957
22958
22959
22960
22961
22963
22964
22965
22966
22967
22968
22969
22970
22971
22972
22973
22974
22976
22980
22981
22982
22983
22987
22988
22991
22993
22994
22995
23000
23001
23006
23007
23008
23014
23015
23018
23019
23023
23024
23025
23027
23028
23029
23030
23032
23033
23034
23035
23036
23038
23039
23040
23041
23051
23052
23054
23059
23060
23061
23062
23063
23064
23065
23066
23067
23068
23069
23070
23071
23072
23074
23075
23076
23077
23078
23079
23080
23084
23085
23086
23089
23090
23091
23093
23094
23095
23096
23097
23098
23099
23100
23101
23112
23113
23114
23115
23117
23118
23119
23126
23128
23129
23130
23131
23132
23133
23134
23135
23136
23137
23138
23139
23140
23141
23142
23143
23144
23145
23146
23147
23148
23149
23150
23151
23152
23153
23154
23155
23156
23157
23158
23159
23160
23161
23162
23163
23164
23165
23166
23167
23168
23172
23173
23180
23181
23182
23185
23186
23187
23188
23189
23190
23192
23193
23196
23197
23202
23203
23204
23205
23206
23207
23208
23209
23210
23212
23213
23214
23217
23218
23219
23221
23222
23225
23226
23227
23228
23229
23230
23231
23232
23233
23235
23236
23237
23240
23241
23244
23245
23246
23248
23249
23250
23251
23252
23256
23257
23259
23260
23264
23272
23273
23274
23278
23279
23294
23295
23296
23297
23301
23302
23303
23304
23305
23306
23307
23333
23338
23339
23342
23343
23345
23346
23347
23348
23349
23350
23351
23352
23354
23355
23357
23358
23359
23360
23361
23362
23363
23364
23365
23366
23367
23368
23373
23377
23380
23382
23383
23385
23386
23387
23388
23391
23392
23393
23394
23397
23398
23399
23400
23403
23404
23406
23408
23409
23410
23411
23412
23413
23414
23415
23416
23417
23418
23419
23420
23424
23425
23426
23427
23434
23435
23436
23437
23438
23439
23440
23441
23444
23445
23446
23447
23448
23450
23452
23453
23454
23455
23456
23457
23458
23459
23460
23461
23462
23466
23467
23468
23469
23470
23471
23473
23475
23476
23477
23478
23479
23481
23482
23486
23488
23489
23491
23493
23494
23495
23496
23497
23498
23499
23500
23503
23504
23506
23507
23508
23509
23511
23513
23514
23517
23519
23520
23521
23522
23538
23539
23540
23541
23542
23543
23546
23547
23549
23551
23552
23553
23555
23556
23557
23558
23559
23560
23562
23563
23564
23566
23569
23572
23575
23576
23578
23589
23599
23608
23616
23623
23629
23634
23638
23641
23643
23644
23645
23646
23647
23648
23649
23650
23651
23677
23678
23682
23683
23686
23687
23689
23690
23691
23692
23693
23697
23698
23701
23702
23704
23705
23706
23707
23708
23709
23710
23711
23712
23713
23714
23743
23744
23745
23746
23747
23748
23749
23750
23751
23752
23753
23754
23755
23756
23757
23758
23759
23760
23761
23762
23763
23764
23765
23766
23767
23768
23769
23770
23771
23772
23773
23774
23775
23776
23777
23778
23779
23780
23781
23782
23783
23784
23785
23786
23787
23788
23789
23790
23791
23792
23793
23794
23795
23796
23797
23798
23799
23800
23801
23802
23803
23804
23805
23806
23807
23808
23809
23810
23811
23812
23813
23814
23815
23816
23817
23818
23819
23820
23821
23822
23823
23824
23825
23826
23827
23828
23829
23830
23831
23832
23833
23834
23835
23836
23837
23839
23841
23843
23844
23845
23847
23848
23850
23851
23853
23854
23855
23857
23858
23860
23861
23863
23864
23865
23868
23869
23872
23873
23875
23876
23878
23879
23880
23882
23883
23884
23885
23886
23887
23889
23890
23891
23892
23893
23895
23896
23898
23899
23901
23902
23903
23904
23906
23907
23908
23909
23910
23911
23912
23913
23914
23916
23917
23918
23919
23921
23922
23923
23924
23925
23926
23927
23928
23929
23930
23931
23932
23933
23940
23941
23942
23949
23951
23952
23953
23954
23955
23957
23958
23959
23960
23961
23964
23965
23967
23968
23969
23970
23971
23972
23973
23974
23975
23976
23977
23978
23979
23980
23981
23982
23983
23984
23985
23986
23987
23988
23990
23992
23993
23994
24001
24003
24004
24005
24007
24008
24009
24010
24012
24013
24014
24015
24016
24017
24018
24019
24020
24021
24022
24023
24025
24028
24033
24035
24036
24037
24038
24039
24042
24045
24046
24047
24050
24051
24053
24054
24055
24057
24058
24064
24069
24073
24076
24078
24079
24080
24081
24082
24083
24084
24085
24088
24095
24097
24098
24100
24101
24103
24104
24105
24106
24108
24109
24113
24115
24118
24122
24124
24125
24126
24130
24132
24133
24134
24135
24137
24138
24139
24140
24141
24142
24143
24144
24145
24146
24147
24148
24149
24153
24154
24155
24156
24157
24158
24162
24163
24164
24165
24166
24167
24178
24179
24180
24181
24182
24183
24184
24185
24186
24187
24188
24189
24190
24191
24192
24193
24194
24195
24196
24197
24198
24199
24200
24201
24202
24224
24225
24226
24227
24228
24229
24230
24231
24232
24233
24234
24235
24236
24237
24240
24241
24243
24244
24245
24246
24247
24248
24249
24251
24254
24255
24257
24258
24259
24260
24261
24262
24263
24264
24265
24266
24267
24269
24271
24273
24274
24275
24276
24277
24278
24279
24280
24284
24285
24288
24289
24291
24292
24293
24294
24297
24298
24299
24300
24302
24308
24309
24314
24315
24319
24320
24323
24324
24326
24327
24328
24329
24330
24332
24333
24334
24335
24336
24337
24338
24339
24341
24342
24343
24344
24345
24346
24347
24352
24353
24354
24355
24356
24357
24358
24359
24366
24372
24377
24381
24384
24386
24387
24388
24389
24390
24391
24392
24393
24394
24395
24396
24398
24399
24400
24401
24402
24403
24404
24405
24406
24407
24408
24409
24411
24412
24413
24416
24418
24419
24420
24422
24423
24424
24425
24426
24427
24428
24429
24430
24431
24435
24436
24439
24441
24442
24443
24444
24446
24448
24449
24451
24453
24455
24456
24458
24459
24460
24461
24462
24463
24464
24465
24466
24478
24480
24482
24483
24484
24485
24486
24487
24488
24489
24490
24501
24502
24504
24505
24506
24508
24509
24510
24511
24512
24514
24515
24516
24518
24519
24520
24522
24523
24524
24528
24529
24530
24531
24532
24533
24534
24535
24539
24540
24544
24545
24546
24550
24551
24552
24555
24558
24559
24561
24563
24565
24567
24568
24569
24570
24571
24573
24576
24577
24578
24579
24580
24582
24583
24585
24586
24587
24588
24590
24591
24592
24593
24594
24595
24596
24598
24599
24602
24603
24605
24606
24607
24608
24611
24615
24616
24618
24619
24621
24624
24625
24627
24629
24631
24633
24634
24636
24637
24638
24639
24640
24641
24642
24643
24650
24651
24652
24653
24655
24656
24657
24658
24660
24663
24664
24666
24668
24674
24675
24676
24677
24678
24680
24682
24683
24684
24685
24686
24697
24698
24699
24700
24701
24702
24703
24707
24711
24712
24714
24715
24716
24717
24718
24719
24720
24721
24722
24724
24726
24728
24729
24730
24737
24738
24739
24740
24741
24742
24743
24744
24745
24761
24776
24790
24803
24815
24826
24836
24845
24853
24860
24866
24871
24875
24878
24880
24881
24882
24883
24888
24891
24893
24894
24895
24896
24897
24947
25250
25251
25261
25263
25264
25268
25269
25271
25273
25275
25278
25280
25281
25282
25283
25285
25288
25289
25290
25291
25294
25296
25297
25298
25299
25301
25306
25307
25308
25309
25312
25317
25320
25323
25324
25331
25332
25333
25334
25335
25336
25337
25338
25342
25349
25350
25351
25355
25356
25357
25367
25368
25369
25371
25372
25378
25380
25382
25384
25385
25387
25388
25389
25390
25391
25393
25394
25395
25396
25400
25404
25405
25406
25407
25410
25411
25413
25418
25419
25420
25421
25422
25423
25426
25429
25430
25434
25435
25436
25437
25439
25441
25442
25445
25446
25448
25449
25450
25452
25453
25454
25455
25461
25462
25463
25465
25467
25468
25472
25473
25475
25477
25478
25482
25483
25484
25485
25486
25487
25488
25491
25492
25493
25494
25499
25500
25501
25503
25504
25505
25506
25507
25508
25510
25511
25513
25514
25516
25517
25518
25519
25526
25528
25529
25531
25532
25533
25535
25541
25542
25543
25544
25545
25546
25547
25549
25550
25551
25552
25553
25554
25555
25556
25557
25558
25559
25560
25561
25562
25566
25567
25570
25571
25572
25574
25575
25576
25577
25581
25582
25584
25585
25586
25588
25589
25591
25597
25598
25599
25600
25607
25608
25609
25610
25614
25615
25616
25617
25618
25619
25620
25621
25622
25623
25625
25626
25628
25630
25632
25636
25637
25639
25640
25642
25643
25646
25647
25649
25650
25653
25654
25655
25656
25658
25659
25661
25662
25663
25664
25665
25672
25673
25675
25676
25680
25681
25682
25686
25687
25688
25689
25692
25693
25694
25695
25696
25699
25700
25702
25703
25704
25706
25708
25709
25710
25711
25713
25714
25715
25717
25841
25842
25843
25844
25846
25848
25849
25850
25851
25853
25855
25856
25857
25858
25859
25861
25862
25865
25866
25868
25869
25870
25871
25872
25873
25875
25876
25877
25878
25880
25881
25882
25883
25884
25885
25886
25889
25890
25891
25893
25894
25895
25896
25897
25899
25900
25901
25902
25904
25905
25906
25908
25909
25910
25911
25912
25914
25915
25918
25921
25926
25927
25928
25932
25933
25935
25936
25938
25939
25940
25941
25942
25944
25945
25947
25949
25951
25952
25954
25955
25956
25958
25959
25961
25962
25964
25965
25966
25967
25968
25981
25983
25984
25986
25989
25990
25991
25992
25995
25999
26000
26003
26005
26018
26019
26020
26021
26022
26023
26024
26025
26026
26027
26028
26039
26040
26041
26042
26043
26044
26045
26046
26047
26048
26049
26050
26051
26052
26053
26054
26055
26056
26057
26059
26060
26062
26063
26064
26065
26066
26067
26068
26069
26070
26071
26073
26074
26076
26077
26078
26079
26080
26081
26082
26083
26084
26085
26086
26089
26090
26091
26092
26099
26100
26102
26103
26104
26105
26106
26107
26108
26109
26110
26111
26112
26113
26114
26115
26116
26117
26118
26119
26120
26121
26122
26123
26125
26126
26127
26128
26129
26130
26131
26132
26133
26134
26135
26136
26138
26139
26141
26142
26144
26145
26146
26149
26150
26151
26152
26153
26154
26155
26156
26157
26158
26163
26167
26170
26172
26173
26177
26178
26179
26180
26181
26182
26183
26184
26185
26186
26187
26188
26190
26191
26192
26194
26195
26196
26197
26198
26199
26200
26201
26202
26205
26206
26207
26209
26210
26212
26214
26216
26217
26219
26222
26224
26225
26226
26227
26228
26229
26230
26233
26234
26235
26236
26237
26238
26239
26240
26242
26243
26244
26245
26246
26247
26248
26249
26251
26252
26253
26254
26255
26256
26257
26258
26259
26260
26261
26262
26263
26264
26266
26267
26269
26270
26271
26272
26273
26274
26275
26276
26277
26278
26279
26280
26281
26282
26283
26284
26285
26286
26290
26291
26292
26293
26294
26295
26296
26297
26299
26300
26301
26302
26306
26307
26308
26309
26310
26311
26312
26313
26314
26316
26317
26318
26320
26321
26323
26324
26325
26326
26328
26329
26330
26331
26332
26333
26335
26338
26341
26342
26344
26345
26348
26349
26351
26352
26353
26354
26355
26358
26360
26361
26362
26363
26364
26365
26367
26368
26370
26371
26372
26373
26374
26375
26376
26377
26378
26379
26381
26382
26383
26384
26385
26387
26388
26389
26395
26400
26404
26407
26409
26410
26411
26412
26413
26414
26415
26427
26428
26429
26430
26431
26433
26434
26435
26436
26437
26438
26439
26440
26441
26442
26443
26444
26445
26446
26447
26448
26449
26450
26451
26452
26453
26455
26457
26458
26459
26460
26461
26462
26463
26465
26466
26467
26470
26471
26474
26475
26476
26477
26478
26479
26480
26481
26482
26483
26484
26485
26487
26488
26489
26490
26491
26492
26493
26494
26496
26497
26498
26499
26500
26501
26502
26504
26505
26506
26507
26508
26509
26510
26511
26512
26514
26515
26516
26517
26518
26519
26520
26521
26522
26523
26524
26525
26526
26527
26528
26529
26530
26531
26532
26536
26537
26538
26539
26540
26541
26542
26544
26545
26546
26547
26554
26555
26556
26558
26559
26562
26563
26564
26565
26566
26567
26568
26569
26571
26572
26573
26576
26578
26579
26583
26584
26585
26586
26587
26588
26589
26590
26592
26593
26594
26595
26596
26597
26599
26600
26601
26602
26603
26604
26605
26607
26608
26609
26610
26611
26612
26613
26615
26616
26617
26618
26619
26620
26621
26623
26624
26625
26626
26627
26628
26629
26630
26631
26632
26633
26634
26635
26636
26638
26640
26641
26644
26647
26649
26651
26652
26653
26655
26657
26658
26659
26661
26667
26668
26669
26675
26676
26677
26679
26680
26681
26682
26683
26684
26685
26686
26687
26688
26690
26692
26693
26695
26696
26697
26698
26699
26700
26701
26702
26703
26704
26705
26706
26707
26708
26709
26716
26718
26719
26720
26737
26738
26739
26740
26742
26743
26744
26745
26746
26748
26749
26830
26832
26833
26834
26835
26836
26837
26838
26840
26841
26842
26843
26844
26845
26846
26847
26849
26850
26851
26852
26854
26855
26856
26857
26860
26861
26862
26863
26864
26865
26866
26867
26868
26869
26870
26871
26872
26873
26874
26875
26876
26877
26879
26881
26882
26883
26884
26885
26886
26887
26888
26890
26891
26895
26896
26897
26901
26902
26903
26904
26905
26906
26907
26908
26909
26910
26911
26915
26916
26917
26918
26919
26920
26921
26925
26926
26927
26929
26930
26931
26932
26933
26934
26938
26939
26940
26941
26942
26943
26944
26945
26946
26947
26948
26950
26951
26952
26954
26955
26957
26958
26959
26962
26963
26965
26966
26967
26968
26969
26970
26971
26972
26973
26974
26975
26976
26977
26978
26979
26980
26981
26982
26984
26985
26987
26988
26989
26990
26991
26992
26994
26995
26996
26997
26998
26999
27000
27001
27002
27003
27005
27006
27007
27008
27009
27010
27011
27012
27013
27014
27015
27017
27018
27019
27020
27021
27022
27023
27024
27026
27030
27031
27032
27033
27036
27038
27039
27041
27042
27043
27044
27046
27047
27048
27049
27050
27052
27053
27054
27055
27057
27059
27060
27061
27062
27063
27064
27065
27066
27067
27068
27069
27070
27071
27072
27073
27074
27075
27077
27078
27079
27081
27082
27084
27085
27086
27088
27089
27090
27091
27092
27095
27096
27097
27098
27099
27100
27101
27102
27103
27104
27105
27106
27107
27108
27111
27112
27114
27115
27116
27117
27118
27119
27120
27121
27122
27123
27124
27125
27126
27127
27128
27129
27130
27131
27133
27134
27135
27136
27137
27138
27139
27142
27143
27144
27145
27146
27147
27148
27149
27154
27155
27156
27158
27159
27160
27162
27163
27164
27165
27166
27167
27168
27169
27170
27171
27172
27173
27174
27176
27177
27179
27184
27185
27192
27193
27195
27196
27197
27198
27199
27200
27201
27202
27203
27204
27205
27207
27208
27209
27238
27239
27240
27241
27242
27246
27249
27251
27252
27253
27254
27261
27274
27275
27276
27277
27278
27279
27280
27281
27282
27283
27285
27286
27288
27289
27290
27291
27292
27293
27294
27295
27297
27298
27299
27300
27301
27305
27308
27309
27310
27311
27312
27313
27314
27318
27319
27320
27321
27322
27323
27324
27325
27327
27328
27330
27331
27332
27333
27334
27335
27336
27337
27338
27339
27341
27342
27344
27345
27347
27348
27349
27350
27351
27352
27353
27354
27355
27356
27357
27358
27359
27360
27361
27362
27366
27367
27368
27369
27370
27371
27372
27373
27374
27375
27376
27377
27378
27379
27380
27381
27382
27383
27384
27385
27386
27387
27388
27389
27390
27391
27392
27393
27394
27395
27396
27397
27398
27399
27400
27401
27405
27406
27408
27409
27410
27411
27412
27413
27414
27415
27416
27418
27419
27420
27421
27422
27424
27425
27426
27427
27428
27430
27431
27432
27433
27434
27435
27436
27437
27439
27440
27441
27442
27444
27445
27447
27448
27450
27451
27452
27453
27454
27455
27456
27457
27458
27459
27460
27461
27462
27463
27464
27465
27469
27470
27471
27472
27474
27475
27476
27478
27479
27481
27482
27483
27484
27485
27487
27488
27490
27491
27492
27493
27496
27497
27498
27500
27501
27502
27503
27504
27505
27524
27525
27526
27527
27528
27529
27530
27531
27532
27534
27535
27537
27538
27543
27544
27546
27547
27548
27549
27551
27554
27555
27557
27558
27559
27560
27561
27562
27563
27564
27565
27566
27567
27568
27569
27571
27572
27573
27574
27576
27577
27580
27581
27582
27583
27585
27586
27588
27589
27590
27591
27592
27594
27595
27597
27598
27600
27601
27603
27607
27608
27609
27610
27611
27612
27613
27614
27615
27616
27617
27618
27619
27621
27622
27623
27624
27625
27636
27643
27644
27646
27647
27648
27649
27650
27651
27652
27654
27655
27656
27667
27668
27669
27670
27671
27673
27674
27675
27676
27677
27678
27679
27680
27681
27682
27685
27686
27687
27691
27698
27699
27700
27701
27702
27703
27704
27705
27735
27736
27737
27738
27739
27740
27741
27742
27743
27745
27746
27747
27748
27750
27751
27752
27753
27754
27755
27756
27757
27758
27763
27764
27765
27766
27767
27768
27769
27771
27772
27773
27775
27776
27778
27779
27781
27782
27783
27784
27785
27786
27787
27789
27790
27791
